200,3,6,0,0,0,0,0
200,3,16,0,0,0,0,0
200,3,0,0,0,0,0
200,8,6,0,0,0,0,0
200,8,16,0,0,0,0,0
200,8,0,0,0,0,0
200,8,3,16,0,0,0,0,0
200,8,3,0,0,0,0,0
200,7,16,0,0,0,0,0
200,7,0,0,0,0,0
200,7,3,16,0,0,0,0,0
200,7,3,0,0,0,0,0
200,7,8,16,0,0,0,0,0
200,7,8,0,0,0,0,0
200,7,8,3,16,0,0,0,0,0
200,7,8,3,0,0,0,0,0
200,10,3,16,0,0,0,0,0
200,10,3,0,0,0,0,0
200,10,8,16,0,0,0,0,0
200,10,8,0,0,0,0,0
200,10,8,3,0,0,0,0,0
200,10,7,16,0,0,0,0,0
200,10,7,0,0,0,0,0
200,10,7,3,0,0,0,0,0
200,10,7,8,0,0,0,0,0
200,10,7,8,3,0,0,0,0,0
200,9,16,0,0,0,0,0
200,9,0,0,0,0,0
200,9,3,16,0,0,0,0,0
200,9,3,0,0,0,0,0
200,9,8,16,0,0,0,0,0
200,9,8,0,0,0,0,0
200,9,8,3,16,0,0,0,0,0
200,9,8,3,0,0,0,0,0
200,9,7,16,0,0,0,0,0
200,9,7,0,0,0,0,0
200,9,7,3,16,0,0,0,0,0
200,9,7,3,0,0,0,0,0
200,9,7,8,16,0,0,0,0,0
200,9,7,8,0,0,0,0,0
200,9,7,8,3,16,0,0,0,0,0
200,9,7,8,3,0,0,0,0,0
200,9,10,16,0,0,0,0,0
200,9,10,0,0,0,0,0
200,9,10,3,0,0,0,0,0
200,9,10,8,0,0,0,0,0
200,9,10,7,0,0,0,0,0
200,9,10,7,8,0,0,0,0,0
200,2,3,0,0,0,0,0
200,2,8,0,0,0,0,0
200,2,8,3,0,0,0,0,0
200,2,7,0,0,0,0,0
200,1,16,0,0,0,0,0
200,1,0,0,0,0,0
200,1,3,16,0,0,0,0,0
200,1,3,0,0,0,0,0
200,1,8,16,0,0,0,0,0
200,1,8,0,0,0,0,0
200,1,8,3,16,0,0,0,0,0
200,1,8,3,0,0,0,0,0
200,1,7,16,0,0,0,0,0
200,1,7,0,0,0,0,0
200,1,7,3,0,0,0,0,0
200,1,7,8,0,0,0,0,0
200,1,7,8,3,0,0,0,0,0
200,1,9,0,0,0,0,0
200,1,9,3,0,0,0,0,0
200,1,9,8,0,0,0,0,0
200,1,9,8,3,0,0,0,0,0
200,1,9,7,0,0,0,0,0
200,1,9,7,3,0,0,0,0,0
200,1,9,7,8,0,0,0,0,0
200,1,9,7,8,3,0,0,0,0,0
200,1,2,0,0,0,0,0
200,15,16,0,0,0,0,0
200,15,0,0,0,0,0
200,15,3,16,0,0,0,0,0
200,15,3,0,0,0,0,0
200,15,8,16,0,0,0,0,0
200,15,8,0,0,0,0,0
200,15,8,3,16,0,0,0,0,0
200,15,8,3,0,0,0,0,0
200,15,7,16,0,0,0,0,0
200,15,7,0,0,0,0,0
200,15,7,3,16,0,0,0,0,0
200,15,7,3,0,0,0,0,0
200,15,7,8,16,0,0,0,0,0
200,15,7,8,0,0,0,0,0
200,15,7,8,3,0,0,0,0,0
200,15,9,16,0,0,0,0,0
200,15,9,0,0,0,0,0
200,15,9,3,0,0,0,0,0
200,15,9,8,16,0,0,0,0,0
200,15,9,8,0,0,0,0,0
200,15,9,8,3,0,0,0,0,0
200,15,9,7,0,0,0,0,0
200,15,9,7,3,0,0,0,0,0
200,15,9,7,8,0,0,0,0,0
200,15,9,7,8,3,0,0,0,0,0
200,15,1,0,0,0,0,0
200,15,1,3,0,0,0,0,0
200,15,1,8,0,0,0,0,0
200,15,1,8,3,0,0,0,0,0
200,11,6,0,0,0,0,0
200,11,16,0,0,0,0,0
200,11,0,0,0,0,0
200,11,3,0,0,0,0,0
200,11,8,0,0,0,0,0
200,11,8,3,0,0,0,0,0
200,11,7,0,0,0,0,0
200,11,2,0,0,0,0,0
100,5,16,6,0,0,0,0,0
100,5,16,0,0,0,0,0
100,5,14,6,0,0,0,0,0
100,5,14,16,6,0,0,0,0,0
100,5,14,16,0,0,0,0,0
100,5,14,0,0,0,0,0
100,5,10,6,0,0,0,0,0
100,5,10,14,6,0,0,0,0,0
100,5,10,14,0,0,0,0,0
100,5,10,0,0,0,0,0
100,13,14,16,0,0,0,0,0
100,13,5,6,0,0,0,0,0
100,13,5,16,0,0,0,0,0
100,13,5,14,6,0,0,0,0,0
100,13,5,14,16,0,0,0,0,0
100,13,5,14,0,0,0,0,0
100,13,5,0,0,0,0,0
100,4,6,0,0,0,0,0
100,4,16,0,0,0,0,0
100,4,14,6,0,0,0,0,0
100,4,14,16,0,0,0,0,0
100,4,14,0,0,0,0,0
100,4,10,14,0,0,0,0,0
100,4,10,0,0,0,0,0
100,4,5,6,0,0,0,0,0
100,4,5,16,0,0,0,0,0
100,4,5,14,6,0,0,0,0,0
100,4,5,14,16,0,0,0,0,0
100,4,5,14,0,0,0,0,0
100,4,5,10,0,0,0,0,0
100,4,5,0,0,0,0,0
100,4,13,6,0,0,0,0,0
100,4,13,14,6,0,0,0,0,0
100,4,13,14,0,0,0,0,0
100,4,13,5,6,0,0,0,0,0
100,4,13,5,14,6,0,0,0,0,0
100,4,13,5,14,0,0,0,0,0
100,4,13,5,0,0,0,0,0
100,4,13,0,0,0,0,0
100,4,2,0,0,0,0,0
100,4,0,0,0,0,0
100,12,6,0,0,0,0,0
100,12,16,6,0,0,0,0,0
100,12,16,0,0,0,0,0
100,12,14,6,0,0,0,0,0
100,12,14,16,0,0,0,0,0
100,12,14,0,0,0,0,0
100,12,10,0,0,0,0,0
100,12,5,6,0,0,0,0,0
100,12,5,14,6,0,0,0,0,0
100,12,5,14,0,0,0,0,0
100,12,5,0,0,0,0,0
100,12,13,6,0,0,0,0,0
100,12,13,14,6,0,0,0,0,0
100,12,13,14,0,0,0,0,0
100,12,13,5,6,0,0,0,0,0
100,12,13,5,14,6,0,0,0,0,0
100,12,13,5,14,0,0,0,0,0
100,12,13,5,0,0,0,0,0
100,12,13,0,0,0,0,0
100,12,4,6,0,0,0,0,0
100,12,4,14,6,0,0,0,0,0
100,12,4,14,0,0,0,0,0
100,12,4,5,6,0,0,0,0,0
100,12,4,5,14,6,0,0,0,0,0
100,12,4,5,14,0,0,0,0,0
100,12,4,5,0,0,0,0,0
100,12,4,13,6,0,0,0,0,0
100,12,4,13,14,6,0,0,0,0,0
100,12,4,13,14,0,0,0,0,0
100,12,4,13,5,6,0,0,0,0,0
100,12,4,13,5,14,6,0,0,0,0,0
100,12,4,13,5,14,0,0,0,0,0
100,12,4,13,5,0,0,0,0,0
100,12,4,13,0,0,0,0,0
100,12,4,0,0,0,0,0
100,12,0,0,0,0,0